instance 100_kroA_3.tsp
partition = [[71, 21, 40, 25, 3, 94, 98, 77, 38, 92, 93, 79, 67, 89, 99, 74, 65, 6, 80, 69, 73, 97, 35, 32, 61, 95, 15, 72, 14, 43, 2, 20, 60], [96, 10, 91, 85, 1, 84, 16, 90, 53, 63, 66, 36, 19, 75, 8, 51, 24, 88, 28, 58, 81, 11, 22, 70, 52, 12, 18, 57, 78, 42, 26, 4, 47, 17, 54, 49, 59], [41, 87, 27, 39, 7, 100, 31, 55, 34, 30, 68, 64, 29, 13, 23, 46, 48, 50, 33, 44, 83, 9, 5, 82, 86, 62, 76, 37, 45, 56]]
valeur = 1.7357134496171355e7

instance 100_kroA_6.tsp
partition = [[71, 91, 1, 98, 53, 64, 67, 99, 24, 88, 73, 35, 22, 62], [96, 40, 3, 55, 30, 68, 13, 48, 33, 5, 82, 76, 95, 52, 37, 14, 20], [41, 27, 39, 100, 38, 34, 29, 23, 46, 50, 44, 9, 17, 45], [10, 25, 84, 77, 63, 66, 36, 89, 74, 65, 80, 58, 97, 15, 56], [87, 85, 94, 31, 92, 79, 75, 51, 83, 69, 81, 86, 61, 12, 72, 57, 43, 47], [21, 7, 16, 90, 93, 19, 8, 6, 28, 11, 70, 32, 18, 78, 2, 42, 26, 4, 60, 54, 49, 59]]
valeur = 8.552806268438922e6

instance 100_kroA_9.tsp
partition = [[71, 25, 100, 55, 30, 64, 46, 59, 45], [96, 3, 63, 29, 50, 83, 73, 62, 95, 14, 43, 47, 54], [41, 7, 34, 13, 51, 9, 81, 35, 76, 52, 37, 78, 20], [10, 84, 38, 36, 99, 24, 28, 11, 32, 15, 72, 49], [87, 85, 77, 68, 48, 33, 80, 5, 69, 2], [21, 1, 16, 90, 66, 19, 8, 82, 56], [27, 39, 31, 93, 67, 89, 74, 44], [91, 98, 92, 75, 23, 88, 58, 86, 61, 57, 4, 60, 17], [40, 94, 53, 79, 65, 6, 97, 22, 70, 12, 18, 42, 26]]
valeur = 5.53481400313056e6

instance 10_ulysses_3.tsp
partition = [[5, 9, 4], [10, 2, 1, 3], [7, 8, 6]]
valeur = 758.5447870195371

instance 10_ulysses_6.tsp
partition = [[5], [10], [7, 3], [9, 6], [2, 1], [8, 4]]
valeur = 245.03746794528502

instance 10_ulysses_9.tsp
partition = [[5], [10], [7], [9], [2, 3], [8], [6], [1], [4]]
valeur = 49.29189782877749

instance 14_burma_3.tsp
partition = [[7, 4, 5, 8, 14, 6], [2, 1, 9, 11], [12, 10, 3, 13]]
valeur = 1114.0660890808654

instance 14_burma_6.tsp
partition = [[7], [2, 8], [12, 14, 6], [1, 9], [10, 5, 11], [4, 3, 13]]
valeur = 423.52842016715954

instance 14_burma_9.tsp
partition = [[7], [2, 11], [12, 13], [1], [10, 14], [3, 6], [9], [5, 4], [8]]
valeur = 189.3652768090795

instance 202_gr_3.tsp
partition = [[181, 169, 35, 158, 159, 84, 83, 85, 125, 179, 187, 197, 80, 195, 152, 149, 87, 95, 164, 91, 185, 193, 180, 166, 86, 161, 92, 165, 97, 114, 175, 172, 121, 162, 184, 176, 182, 167, 156, 189, 202, 188, 163, 79, 183, 134, 191, 77, 81, 82, 198, 192, 194, 174, 199, 190, 196, 173, 117, 168], [93, 90, 2, 141, 177, 151, 53, 98, 99, 21, 131, 46, 94, 133, 123, 136, 150, 139, 142, 110, 103, 154, 126, 119, 148, 129, 24, 138, 111, 96, 28, 107, 44, 108, 75, 33, 130, 132, 186, 105, 146, 49, 113, 153, 155, 127, 135, 145, 41, 122, 171, 170, 200, 144, 140, 45, 40, 88, 115, 118, 38, 160, 78, 36, 178, 157, 11, 124, 68, 102, 25, 54, 147, 74, 116, 143, 37, 76, 89, 1, 47, 18], [137, 112, 106, 39, 101, 4, 48, 71, 43, 3, 104, 31, 14, 67, 17, 23, 65, 70, 19, 109, 5, 8, 16, 15, 29, 120, 73, 12, 6, 50, 66, 63, 34, 30, 69, 20, 60, 72, 55, 59, 32, 64, 9, 61, 27, 58, 56, 26, 22, 42, 57, 13, 7, 52, 10, 62, 51, 201, 100, 128]]
valeur = 287402.672983572

instance 202_gr_6.tsp
erreur

instance 202_gr_9.tsp
partition = [[181, 159, 98, 197, 152, 139, 154, 148, 138, 121, 182, 202, 188, 183, 191, 198, 192, 153, 155, 199, 200, 115, 173], [93, 177, 85, 187, 195, 136, 193, 180, 24, 175, 184, 176, 189, 132, 134, 82, 194, 174, 190, 196, 147], [137, 151, 43, 131, 149, 150, 185, 29, 129, 28, 55, 32, 9, 27, 146, 26, 22, 145, 13, 7, 10, 40, 74], [112, 39, 48, 104, 133, 23, 142, 110, 119, 97, 96, 44, 108, 33, 61, 58, 56, 113, 144], [169, 158, 83, 179, 80, 87, 164, 91, 86, 161, 165, 172, 162, 156, 186, 163, 79, 54, 117, 168], [90, 141, 125, 46, 94, 95, 166, 126, 92, 114, 60, 167, 130, 49, 77, 81, 57, 135, 171, 170, 140, 88, 36], [106, 101, 99, 123, 109, 103, 120, 50, 107, 64, 75, 105, 42, 127, 41, 52, 62, 51, 45, 118, 38, 160, 78, 178, 157, 11, 124, 68, 102, 25, 116, 143, 37, 76, 89, 1, 47, 18], [35, 84, 53, 21, 31, 67, 65, 16, 73, 111, 66, 63, 34, 69, 72, 59, 122, 100], [2, 4, 71, 3, 14, 17, 70, 19, 5, 8, 15, 12, 6, 30, 20, 201, 128]]
valeur = 93174.58601960339

instance 22_ulysses_3.tsp
partition = [[7, 15, 16, 14, 10, 4, 22], [21, 19, 8, 17, 3, 1, 5], [9, 6, 11, 13, 2, 18, 20, 12]]
valeur = 1010.1139261484702

instance 22_ulysses_6.tsp
partition = [[21, 19, 20], [7, 6, 1, 5], [9, 11, 22], [8, 3, 17, 4], [15, 10, 13, 12], [16, 14, 18, 2]]
valeur = 369.71961950954073

instance 22_ulysses_9.tsp
partition = [[21, 13], [7, 18, 5], [9, 1], [8, 3], [15, 14, 12], [16, 17, 4], [6, 2, 22], [19, 10], [11, 20]]
valeur = 205.8414116064915

instance 26_eil_3.tsp
partition = [[4, 23, 13, 26, 7, 11, 10, 8], [18, 2, 9, 21, 5, 17, 15, 16], [19, 24, 6, 25, 3, 14, 1, 12, 22, 20]]
valeur = 17814.07051807812

instance 26_eil_6.tsp
partition = [[4, 9, 17, 1], [18, 13, 25, 16], [19, 6, 15, 12, 20], [2, 26, 11, 3], [23, 21, 5, 10], [24, 7, 14, 8, 22]]
valeur = 6031.433848453696

instance 26_eil_9.tsp
partition = [[4, 17, 20], [18, 11], [19, 25, 8], [2, 3, 1], [23, 26, 22], [24, 6, 16], [9, 14, 12], [13, 7, 10], [21, 5, 15]]
valeur = 4314.5689466749845

instance 30_eil_3.tsp
partition = [[3, 8, 2, 20, 21, 27, 14, 29, 30], [16, 23, 12, 5, 24, 1, 26, 17, 22], [6, 10, 11, 18, 9, 19, 7, 4, 15, 25, 13, 28]]
valeur = 7894.78940181711

instance 30_eil_6.tsp
partition = [[3, 12, 9], [16, 2, 1, 17, 4], [6, 5, 21, 26, 30], [23, 18, 24, 22, 25, 28], [10, 11, 19, 14, 15, 13], [8, 20, 27, 7, 29]]
valeur = 3489.5449474943575

instance 30_eil_9.tsp
partition = [[3, 21], [16, 5, 15], [6, 24, 22], [23, 18, 29], [10, 9, 26], [8, 20, 30], [11, 19, 14, 13], [12, 27, 7, 4], [2, 1, 17, 25, 28]]
valeur = 2227.411055793519

instance 318_lin_3.tsp
erreur

instance 318_lin_6.tsp
partition = [[217, 261, 273, 230, 268, 257, 255, 281, 225, 274, 252, 271, 267, 226, 290, 272, 170, 264, 284, 229, 249, 297, 304, 305, 215, 283, 118, 276, 235, 315, 260, 295, 222, 223, 240, 280, 94, 141, 212, 299], [78, 157, 52, 93, 176, 17, 67, 72, 56, 197, 95, 101, 80, 77, 98, 25, 189, 190, 96, 61, 79, 39, 43, 42, 54, 84, 48, 105, 26, 53, 59, 76, 85, 97, 203, 91, 62, 90, 99, 37], [87, 23, 63, 306, 2, 150, 88, 109, 49, 30, 58, 5, 81, 38, 167, 213, 134, 137, 142, 135, 6, 28, 44, 24, 103, 69, 70, 164, 21, 124, 210, 206, 131, 160, 27, 155, 10, 60, 107, 32, 117, 104, 57, 36, 86, 71, 89, 66, 12, 112, 51, 41, 114, 195, 145, 33], [208, 123, 175, 282, 115, 126, 198, 303, 174, 196, 140, 20, 177, 163, 152, 159, 14, 248, 148, 13, 162, 121, 180, 125, 143, 310, 200, 219, 250, 168, 294, 181, 133, 146, 75, 207, 119, 73, 233, 110, 156, 111, 216, 279, 285, 65, 292, 147, 256, 161, 122, 201, 316, 31, 83, 19, 247, 253, 82, 312, 182, 11, 138, 185, 178, 298, 231, 186, 22, 191, 277, 287, 218, 263, 40, 169, 291, 74, 224, 241, 15, 202, 307, 127, 243, 68, 16], [9, 34, 173, 129, 171, 209, 18, 102, 113, 194, 116, 259, 172, 50, 317, 64, 7, 132, 45, 139, 154, 239, 3, 184, 1, 106, 4, 46, 29, 128, 151, 120, 108, 136, 35, 130, 289, 8, 92], [55, 227, 193, 258, 187, 266, 188, 311, 204, 149, 301, 300, 309, 236, 318, 244, 302, 232, 100, 275, 296, 179, 153, 293, 234, 228, 242, 237, 245, 166, 269, 144, 288, 313, 183, 254, 270, 205, 278, 246, 265, 214, 286, 165, 220, 158, 262, 199, 192, 221, 308, 211, 251, 238, 314, 47]]
valeur = 1.1610587424621819e8

instance 318_lin_9.tsp
partition = [[217, 273, 282, 257, 255, 225, 252, 259, 226, 140, 264, 236, 318, 249, 213, 215, 232, 248, 148, 121, 108, 222, 223, 234, 228, 251, 299], [78, 230, 115, 126, 109, 49, 272, 7, 38, 79, 184, 118, 235, 13, 26, 136, 125, 166, 219, 313, 37, 181, 146, 165, 117, 158, 110, 221, 12, 111, 211, 114, 147, 122, 31, 19, 11, 138, 231, 22, 218, 40, 224, 241, 15, 127, 243, 16], [87, 175, 258, 266, 274, 174, 149, 20, 170, 229, 159, 43, 46, 260, 162, 240, 180, 203, 210, 99, 160, 294, 155, 246, 57, 36, 192, 66, 156, 308, 238, 314, 145, 285, 292, 256, 247, 253, 312, 185, 298, 277, 287, 263, 169, 291, 202, 307, 68], [208, 157, 173, 171, 17, 187, 113, 194, 116, 204, 196, 58, 317, 132, 167, 139, 154, 239, 3, 137, 106, 14, 182, 8, 92, 94, 141, 212], [9, 52, 129, 209, 88, 56, 30, 77, 5, 25, 152, 134, 1, 4, 135, 120, 44, 24, 35, 130, 164, 124, 168, 131, 27, 133, 10, 60, 107, 32, 104, 216], [55, 23, 93, 2, 67, 72, 197, 101, 50, 98, 64, 45, 96, 61, 39, 42, 54, 6, 84, 48, 28, 59, 103, 97, 70, 21], [123, 63, 176, 102, 198, 95, 80, 81, 163, 189, 283, 100, 29, 151, 105, 153, 76, 69, 91, 62, 90, 206, 183, 75, 286, 207, 73, 86, 71, 89, 51, 41, 195, 279, 33, 65, 161, 201, 316, 83, 82, 178, 47, 186, 191, 74], [261, 227, 306, 18, 188, 311, 271, 172, 290, 309, 284, 244, 304, 305, 275, 276, 315, 53, 295, 293, 280, 143, 242, 289, 310, 269, 144, 270], [34, 193, 268, 150, 281, 303, 267, 301, 300, 177, 190, 297, 302, 142, 128, 296, 179, 85, 237, 245, 200, 250, 288, 254, 205, 278, 265, 214, 119, 220, 233, 262, 199, 112]]
valeur = 7.50654776162368e7

instance 34_pr_3.tsp
partition = [[2, 31, 1, 20, 14, 18, 13, 8, 16, 33, 5, 6, 7, 34, 10, 15], [32, 9, 22, 30, 17, 11, 19, 27], [25, 23, 21, 26, 3, 29, 12, 24, 28, 4]]
valeur = 4.370533011747022e6

instance 34_pr_6.tsp
partition = [[2, 22, 3, 12, 16], [32, 30, 19, 28, 33, 15], [25, 20, 27, 4, 5, 6], [23, 21, 14, 24, 8, 7], [9, 17, 11, 18, 13, 10], [31, 1, 26, 29, 34]]
valeur = 1.7005132320961263e6

instance 34_pr_9.tsp
partition = [[2, 3, 24, 7], [32, 30, 28], [25, 14, 13, 15], [23, 20, 4], [9, 11, 12, 5], [31, 29, 16], [21, 26, 27, 34], [22, 17, 18, 6, 10], [1, 19, 8, 33]]
valeur = 858934.9947954657

instance 38_rat_3.tsp
partition = [[38, 29, 13, 26, 19, 16, 34, 17, 10, 7, 8], [23, 15, 28, 22, 21, 36, 31, 2, 20, 6, 33, 5, 18, 3, 24], [37, 11, 14, 27, 32, 1, 25, 9, 4, 30, 12, 35]]
valeur = 69315.78982889476

instance 38_rat_6.tsp
partition = [[38, 28, 32, 21, 3, 8], [23, 26, 34, 4, 30, 35, 33, 7], [37, 27, 16, 17, 9, 24], [29, 19, 36, 31, 6, 18], [11, 13, 22, 25, 20], [15, 14, 1, 2, 10, 12, 5]]
valeur = 29810.101321302445

instance 38_rat_9.tsp
partition = [[38, 32, 31], [23, 16, 9], [37, 19, 2], [29, 21, 20, 6, 18], [11, 26, 25], [15, 27, 17, 8], [13, 34, 10, 35, 24], [14, 1, 4, 12, 5, 3, 7], [28, 22, 36, 30, 33]]
valeur = 21190.03758099801

instance 400_rd_3.tsp
partition = [[249, 178, 301, 397, 56, 311, 275, 47, 68, 295, 306, 230, 1, 191, 22, 328, 342, 58, 160, 222, 341, 251, 307, 118, 13, 245, 136, 336, 384, 24, 317, 101, 350, 276, 363, 30, 76, 158, 253, 132, 320, 107, 72, 64, 21, 184, 67, 117, 271, 327, 124, 157, 360, 173, 385, 288, 298, 42, 142, 164, 15, 9, 100, 48, 293, 59, 60, 154, 396, 11, 206, 2, 115, 391, 254, 344, 35, 300, 247, 345, 119, 23, 201, 358, 32, 19, 213, 273, 6, 49, 113, 304, 316, 339, 329, 120, 123, 137, 367, 139, 279, 362, 169, 332, 62, 383, 263, 199, 244, 79, 323, 36, 122, 165, 159, 98, 110, 285, 299, 92, 34, 130, 69, 366, 26, 346, 129, 151, 196], [232, 248, 182, 379, 324, 75, 77, 297, 370, 322, 183, 134, 250, 63, 229, 228, 377, 94, 189, 283, 12, 255, 373, 150, 78, 303, 364, 382, 33, 116, 198, 354, 337, 5, 272, 170, 14, 277, 209, 291, 270, 106, 231, 194, 138, 257, 61, 220, 221, 20, 93, 372, 266, 125, 177, 235, 333, 267, 81, 10, 374, 227, 144, 318, 31, 388, 188, 126, 353, 314, 176, 351, 281, 16, 140, 241, 361, 37, 218, 208, 212, 131, 393, 195, 325, 207, 82, 43, 390, 371, 265, 292, 112, 80, 387, 46, 280, 27, 172, 141, 166, 264, 147, 355, 262, 52, 111, 338, 146, 109, 104, 143, 260, 86, 378, 215, 38, 326, 50, 242, 73, 310, 321, 226, 181, 399, 302, 274, 269, 261, 376, 330, 223, 319, 243, 210, 3, 315, 238, 240, 179, 217, 203, 171, 28, 296, 375, 70, 7, 334, 386, 392, 96, 282], [65, 74, 400, 103, 148, 224, 348, 167, 99, 294, 278, 237, 18, 97, 40, 108, 381, 347, 105, 135, 368, 44, 236, 162, 149, 239, 90, 25, 168, 84, 252, 349, 192, 8, 187, 290, 45, 289, 66, 246, 153, 259, 4, 219, 83, 51, 127, 398, 41, 335, 102, 186, 369, 352, 88, 89, 395, 152, 331, 197, 185, 133, 205, 234, 389, 114, 356, 53, 357, 365, 214, 87, 200, 313, 359, 268, 204, 39, 202, 193, 216, 340, 190, 163, 71, 95, 85, 180, 156, 394, 55, 175, 155, 380, 17, 211, 305, 91, 284, 309, 258, 256, 287, 121, 29, 233, 145, 174, 308, 54, 128, 161, 286, 57, 225, 312, 343]]
valeur = 3.0029155070082888e7

instance 400_rd_6.tsp
partition = [[249, 400, 348, 167, 278, 191, 229, 381, 347, 44, 236, 162, 239, 90, 25, 84, 252, 349, 187, 289, 153, 259, 51, 127, 398, 41, 102, 369, 88, 395, 331, 197, 185, 234, 389, 114, 356, 53, 87, 200, 313, 359, 340, 190, 163, 71, 95, 85, 156, 211, 284, 287, 319, 225, 312, 343], [232, 301, 379, 47, 295, 306, 230, 342, 58, 341, 307, 118, 13, 136, 384, 24, 30, 76, 253, 320, 107, 72, 64, 21, 184, 271, 124, 288, 298, 42, 164, 15, 48, 154, 396, 206, 268, 391, 35, 300, 119, 23, 32, 19, 213, 6, 49, 316, 120, 123, 137, 54, 279, 263, 199, 323, 36, 98, 285, 92, 151, 196], [65, 56, 224, 68, 237, 1, 328, 160, 222, 251, 168, 245, 336, 317, 101, 276, 45, 158, 4, 67, 117, 186, 157, 89, 173, 142, 133, 205, 9, 357, 214, 115, 344, 39, 202, 216, 247, 201, 273, 113, 304, 339, 155, 17, 309, 258, 256, 121, 29, 145, 174, 308, 161, 169, 286, 383, 244, 79, 38, 165, 159, 34, 181, 130, 69, 366, 26, 346, 129, 261, 243, 210, 315, 238, 240, 203, 171, 28, 296, 375, 70, 7, 334, 386, 392, 96, 282], [74, 182, 324, 77, 322, 294, 134, 18, 94, 283, 105, 149, 150, 78, 303, 364, 192, 8, 246, 277, 291, 219, 83, 194, 138, 61, 335, 372, 152, 177, 235, 333, 267, 81, 374, 144, 365, 188, 351, 204, 140, 193, 241, 208, 180, 325, 394, 55, 175, 380, 305, 91, 292, 46, 57], [178, 103, 311, 275, 99, 250, 22, 40, 108, 189, 135, 255, 382, 116, 350, 354, 363, 5, 272, 132, 209, 257, 327, 20, 93, 360, 266, 385, 100, 293, 59, 60, 11, 353, 2, 314, 281, 16, 254, 361, 345, 212, 358, 393, 195, 390, 329, 265, 387, 367, 141, 139, 362, 332, 62, 52, 146, 260, 215, 122, 242, 110, 73, 299, 226, 269], [248, 397, 148, 75, 297, 370, 183, 97, 63, 228, 377, 368, 12, 373, 33, 198, 290, 337, 66, 170, 14, 270, 106, 231, 220, 221, 352, 125, 10, 227, 318, 31, 388, 126, 176, 37, 218, 131, 207, 82, 43, 371, 112, 80, 280, 27, 172, 233, 166, 264, 128, 147, 355, 262, 111, 338, 109, 104, 143, 86, 378, 326, 50, 310, 321, 399, 302, 274, 376, 330, 223, 3, 179, 217]]
valeur = 1.41899188193164e7

instance 400_rd_9.tsp
partition = [[249, 148, 322, 250, 40, 189, 135, 255, 245, 116, 354, 337, 5, 14, 106, 220, 221, 93, 266, 125, 10, 60, 11, 31, 388, 353, 176, 16, 37, 393, 207, 82, 43, 80, 387, 27, 141, 73, 57], [232, 379, 68, 306, 191, 342, 160, 307, 13, 384, 317, 350, 76, 320, 107, 64, 21, 124, 186, 89, 288, 298, 164, 154, 206, 268, 300, 216, 247, 23, 213, 49, 17, 120, 137, 321, 151, 196], [65, 56, 311, 295, 1, 108, 222, 162, 239, 252, 349, 290, 45, 66, 4, 67, 335, 102, 352, 185, 133, 114, 357, 313, 39, 202, 71, 201, 304, 55, 155, 309, 258, 256, 287, 29, 174, 308, 299], [74, 324, 297, 370, 183, 97, 94, 283, 12, 150, 78, 33, 198, 170, 277, 270, 231, 194, 138, 372, 177, 235, 267, 374, 144, 318, 126, 351, 241, 218, 208, 131, 325, 285], [178, 103, 167, 237, 22, 377, 251, 168, 336, 8, 158, 291, 257, 117, 157, 142, 205, 9, 214, 115, 254, 344, 345, 358, 273, 339, 371, 112, 121, 367, 166, 264, 147, 161, 169, 111, 338, 109, 104, 79, 86, 122, 38, 326, 50, 242, 226, 181, 399, 274, 269, 261, 376, 330, 223, 319, 210, 179, 217, 171, 28, 296, 375, 70, 334, 386, 96], [248, 224, 75, 294, 63, 228, 368, 373, 382, 276, 363, 272, 132, 209, 327, 20, 360, 385, 100, 227, 293, 59, 2, 314, 281, 361, 212, 32, 195, 390, 329, 265, 280, 139, 362, 355, 332, 262, 52, 146, 143, 260, 378, 215], [301, 397, 47, 230, 328, 58, 341, 118, 136, 24, 101, 30, 253, 72, 184, 271, 173, 42, 15, 48, 396, 391, 35, 119, 19, 6, 113, 316, 123, 54, 279, 62, 286, 263, 199, 244, 323, 36, 165, 159, 98, 110, 92, 34, 130, 69, 366, 26, 346, 129, 243, 3, 315, 238, 240, 203, 7, 392, 282], [400, 348, 77, 278, 381, 347, 236, 90, 25, 84, 187, 289, 153, 51, 127, 398, 41, 369, 88, 395, 331, 197, 234, 389, 356, 53, 87, 200, 340, 190, 163, 95, 85, 211, 284, 302, 225, 312, 343], [182, 275, 99, 134, 18, 229, 105, 44, 149, 303, 364, 192, 246, 259, 219, 83, 61, 152, 333, 81, 365, 188, 359, 204, 140, 193, 180, 156, 394, 175, 380, 305, 91, 292, 46, 172, 233, 145, 128, 383, 310]]
valeur = 1.0168115539430428e7

instance 40_eil_3.tsp
partition = [[5, 31, 20, 23, 17, 35, 12, 1, 9, 26, 28, 3, 18, 21], [27, 2, 16, 13, 14, 37, 8, 7, 36, 22, 19, 38], [25, 11, 40, 30, 33, 10, 6, 29, 32, 39, 34, 24, 4, 15]]
valeur = 33398.98399296834

instance 40_eil_6.tsp
partition = [[5, 16, 17, 8, 36, 4], [27, 13, 6, 22, 26, 38, 3, 21], [25, 30, 33, 1, 9, 24, 15], [31, 14, 10, 12, 32, 28], [11, 20, 23, 35, 29, 18], [2, 40, 37, 7, 39, 19, 34]]
valeur = 14707.030231548173

instance 40_eil_9.tsp
partition = [[5, 14, 37, 21], [27, 30, 12, 4], [25, 8, 9, 39, 18], [31, 33, 29, 24], [11, 10, 7, 19], [2, 23, 1, 38, 15], [40, 13, 6, 26], [16, 17, 36, 22, 3], [20, 35, 32, 34, 28]]
valeur = 7758.744828704896

instance 44_lin_3.tsp
partition = [[38, 28, 29, 3, 31, 42, 30, 37, 43, 6, 44, 14, 5], [24, 7, 23, 20, 26, 12, 21, 40, 18, 19, 13, 22, 32, 11, 33], [9, 35, 15, 8, 17, 41, 1, 4, 27, 10, 39, 34, 25, 36, 2, 16]]
valeur = 1.0074161697456924e6

instance 44_lin_6.tsp
partition = [[38, 3, 17, 4, 44, 10, 13], [24, 8, 1, 18, 19, 22, 36, 2, 11, 16, 33], [9, 29, 15, 12, 6], [7, 26, 30, 27, 14, 39, 34, 25, 5], [28, 23, 21, 37, 43, 40], [35, 20, 31, 42, 41, 32]]
valeur = 501530.2021602371

instance 44_lin_9.tsp
partition = [[38, 26, 41, 34], [24, 30, 43, 27, 2], [9, 17, 4, 14, 5], [7, 3, 1, 13], [28, 20, 37, 19, 11], [35, 8, 42, 44], [29, 31, 40, 10, 32], [23, 21, 6, 22, 36, 33], [15, 12, 18, 39, 25, 16]]
valeur = 295984.8204216054

instance 48_att_3.tsp
partition = [[27, 22, 7, 9, 6, 37, 36, 28, 40, 30, 46, 33, 43, 41, 19, 20, 2, 44, 5, 15], [35, 13, 11, 10, 29, 14, 48, 32, 24, 45, 4, 42, 26, 34, 16], [8, 23, 25, 31, 47, 12, 3, 39, 21, 17, 38, 1, 18]]
valeur = 4.334903859620986e6

instance 48_att_6.tsp
erreur

instance 48_att_9.tsp
partition = [[27, 6, 21, 46, 41], [35, 47, 10], [8, 9, 40, 17, 1], [23, 29, 32, 24], [13, 11, 48, 4], [25, 14, 39, 42, 26, 34, 5], [22, 3, 45, 33, 2, 15], [31, 12, 28, 38, 18, 19, 20, 44], [7, 37, 36, 30, 43, 16]]
valeur = 1.3935832713184974e6

instance 52_berlin_3.tsp
partition = [[26, 12, 51, 14, 27, 39, 52, 5, 9, 2, 24, 32, 37, 34, 23, 7, 11, 18], [42, 43, 36, 29, 19, 10, 44, 31, 1, 15, 50, 20, 25, 47, 21, 30, 22], [6, 48, 41, 38, 28, 35, 33, 45, 17, 8, 3, 40, 13, 16, 49, 46, 4]]
valeur = 1.619167053458151e6

instance 52_berlin_6.tsp
partition = [[26, 14, 28, 1, 24, 37, 13, 23, 22], [42, 51, 39, 31, 32, 50, 20, 16, 30], [6, 38, 33, 9, 8, 34, 25, 21, 4], [48, 41, 19, 44, 45, 2, 3, 18], [43, 36, 29, 10, 35, 5, 7, 11], [12, 27, 52, 17, 15, 40, 47, 49, 46]]
valeur = 763119.5483545186

instance 52_berlin_9.tsp
partition = [[26, 14, 52, 15, 23], [42, 27, 31, 3, 16], [6, 39, 24, 40, 25, 4, 22], [48, 38, 35, 1, 7, 18], [43, 28, 8, 37, 13, 46], [12, 5, 17, 50, 20, 47], [36, 29, 44, 2, 21], [41, 19, 33, 9, 49, 11], [51, 10, 45, 32, 34, 30]]
valeur = 503332.48619709775

instance 532_att_3.tsp
partition = [[12, 394, 62, 222, 176, 122, 50, 139, 396, 402, 118, 157, 144, 277, 294, 365, 142, 229, 127, 392, 154, 339, 152, 204, 477, 224, 384, 258, 188, 469, 228, 461, 295, 121, 319, 138, 407, 425, 429, 183, 430, 436, 397, 364, 270, 151, 201, 281, 147, 284, 227, 172, 116, 299, 444, 368, 433, 403, 373, 260, 211, 253, 388, 141, 376, 417, 202, 326, 445, 463, 254, 427, 146, 352, 265, 292, 120, 279, 162, 366, 194, 177, 382, 190, 296, 75, 305, 268, 119, 200, 404, 56, 103, 198, 212, 245, 170, 418, 380, 300, 174, 250, 209, 435, 426, 67, 166, 261, 359, 424, 182, 321, 405, 187, 308, 246, 123, 348, 76, 437, 136, 179, 410, 344, 282, 101, 438, 357, 286, 439, 318, 374, 315, 226, 131, 207, 92, 419, 70, 132, 156, 237, 328, 313, 88, 240, 324, 329, 334, 371, 420, 423, 432, 441, 454], [361, 500, 487, 446, 499, 518, 488, 406, 347, 466, 341, 443, 491, 251, 492, 530, 360, 529, 278, 504, 353, 462, 513, 489, 290, 464, 458, 480, 336, 516, 244, 525, 519, 440, 507, 527, 69, 235, 511, 501, 474, 476, 117, 517, 450, 331, 386, 531, 484, 526, 165, 478, 412, 431, 302, 320, 375, 301, 522, 137, 61, 311, 467, 395, 385, 493, 192, 502, 456, 514, 472, 483, 343, 171, 220, 293, 350, 274, 532, 335, 355, 389, 390, 316, 199, 330, 173, 337, 521, 217, 239, 421, 508, 498, 314, 496, 317, 471, 378, 481, 459, 510, 497, 486, 383, 354, 442, 372, 398, 349, 455, 485, 503, 468, 509, 479, 243, 33, 238, 71, 232, 346, 223, 206, 285, 505, 160, 262, 115, 94, 95, 91, 78, 208, 475, 495, 124, 52, 28, 273, 377, 452, 266, 297, 370, 523, 528, 236, 363, 267, 108, 393, 80, 189, 205, 19, 465, 60, 447, 143, 134, 303, 241, 473, 195, 332, 400, 322, 57, 289, 460, 45, 515, 98, 109, 248, 83, 41, 11, 312, 323, 333, 159, 401, 128, 275, 358, 512, 175, 4, 470, 408, 494, 524, 145, 490, 369, 288, 230, 213, 351, 428, 16, 449, 457, 356, 184, 506, 53, 327, 48, 411, 482, 367, 234, 84, 340, 129, 140, 24, 520, 256, 249, 422, 415, 96, 413, 257, 309, 107, 345, 135, 181], [287, 272, 14, 180, 283, 13, 448, 259, 379, 3, 65, 100, 263, 310, 58, 20, 35, 191, 387, 264, 362, 242, 210, 125, 72, 27, 196, 82, 391, 169, 215, 338, 291, 155, 93, 7, 247, 87, 59, 18, 271, 6, 22, 163, 44, 252, 130, 381, 47, 29, 25, 216, 55, 21, 114, 102, 85, 26, 126, 186, 225, 221, 280, 164, 106, 30, 17, 74, 203, 79, 9, 306, 40, 32, 178, 112, 63, 104, 218, 167, 161, 46, 298, 37, 168, 49, 90, 105, 51, 276, 5, 214, 66, 81, 233, 15, 64, 97, 89, 193, 148, 68, 325, 255, 153, 269, 38, 133, 150, 158, 414, 111, 54, 451, 86, 149, 39, 434, 2, 10, 110, 34, 77, 36, 185, 409, 416, 1, 342, 231, 43, 8, 304, 42, 113, 23, 31, 73, 99, 197, 219, 307, 399, 453]]
valeur = 2.91002397735117e8

instance 532_att_6.tsp
partition = [[12, 14, 13, 50, 3, 58, 144, 20, 362, 210, 125, 72, 27, 82, 291, 93, 7, 87, 59, 18, 6, 22, 47, 29, 25, 55, 21, 26, 164, 30, 17, 79, 9, 40, 32, 112, 63, 104, 46, 37, 49, 90, 51, 5, 66, 81, 15, 64, 68, 153, 38, 111, 54, 39, 2, 10, 34, 77, 36, 1, 231, 43, 8, 42, 113, 70, 132, 237, 33, 23, 71, 262, 115, 94, 322], [361, 446, 222, 488, 406, 466, 341, 251, 530, 529, 278, 353, 513, 489, 290, 464, 480, 516, 244, 507, 527, 511, 476, 117, 517, 331, 386, 526, 302, 522, 311, 192, 514, 472, 220, 350, 274, 389, 390, 199, 330, 173, 337, 521, 217, 239, 421, 508, 314, 317, 471, 378, 510, 497, 383, 354, 398, 485, 503, 509, 479, 243, 238, 285, 475, 377, 452, 523, 528, 363, 465, 473, 515, 333, 159, 401, 275, 358, 512, 175, 4, 470, 408, 494, 524, 145, 490, 369, 288, 230, 213, 351, 428, 16, 449, 457, 356, 184, 506, 53, 327, 48, 482, 367, 234, 84, 340, 129, 140, 24, 520, 256, 249, 422, 415, 96, 413, 257, 309, 107, 345, 135, 181], [287, 180, 283, 259, 379, 65, 100, 263, 310, 191, 387, 264, 242, 224, 196, 391, 215, 338, 155, 247, 271, 138, 252, 425, 397, 381, 216, 114, 85, 126, 186, 225, 221, 280, 203, 260, 253, 306, 178, 218, 161, 298, 168, 105, 190, 276, 214, 233, 198, 97, 89, 193, 148, 325, 255, 269, 133, 158, 149, 110, 179, 185, 357, 286, 342, 419, 31, 73, 88, 99, 197, 219, 307, 399], [500, 487, 499, 518, 347, 157, 443, 491, 492, 360, 504, 462, 461, 458, 336, 525, 519, 440, 281, 69, 235, 501, 474, 172, 450, 531, 484, 165, 478, 412, 431, 326, 320, 375, 301, 137, 61, 467, 385, 493, 502, 483, 343, 171, 293, 268, 532, 335, 355, 182, 308, 498, 496, 481, 459, 486, 442, 372, 318, 374, 349, 455, 468, 232, 223, 505, 95, 495, 313, 273, 266, 370, 393, 447, 303, 195, 332, 400, 289, 460, 98, 109, 248, 83, 41, 11, 312, 323, 128, 432, 441], [272, 176, 122, 396, 118, 35, 142, 127, 154, 152, 384, 258, 188, 228, 121, 44, 183, 130, 270, 151, 201, 147, 227, 102, 116, 106, 74, 141, 202, 254, 146, 265, 292, 120, 279, 162, 167, 194, 177, 75, 119, 200, 56, 103, 170, 174, 250, 209, 67, 166, 150, 187, 246, 86, 123, 76, 136, 282, 101, 226, 131, 207, 92, 156, 328, 346, 206, 160, 91, 78, 208, 124, 52, 28, 297, 236, 267, 108, 80, 189, 205, 19, 60, 143, 134, 241, 57, 45], [394, 62, 448, 139, 402, 277, 294, 365, 229, 392, 339, 204, 477, 169, 469, 295, 163, 319, 407, 429, 430, 436, 364, 284, 299, 444, 368, 433, 403, 373, 211, 388, 376, 417, 445, 463, 427, 352, 366, 395, 456, 382, 296, 305, 404, 212, 245, 418, 380, 300, 316, 435, 426, 261, 359, 424, 321, 405, 414, 451, 434, 348, 437, 410, 344, 438, 409, 416, 439, 315, 304, 411, 240, 324, 329, 334, 371, 420, 423, 453, 454]]
valeur = 1.2713444720023508e8

instance 532_att_9.tsp
partition = [[12, 13, 3, 118, 58, 35, 154, 72, 27, 155, 7, 59, 18, 22, 47, 29, 21, 102, 26, 30, 17, 9, 40, 32, 46, 37, 49, 105, 5, 15, 64, 68, 67, 38, 111, 54, 86, 39, 2, 10, 36, 1, 8, 42, 70, 156, 33, 23, 71, 322], [361, 222, 139, 347, 229, 251, 278, 290, 121, 336, 244, 69, 235, 227, 172, 117, 331, 302, 320, 301, 279, 137, 61, 343, 171, 293, 350, 268, 274, 335, 330, 173, 344, 101, 318, 398, 226, 131, 92, 238, 232, 95, 91, 78, 208, 313, 273, 266, 205, 134, 195, 98, 109, 248, 41, 312, 159, 128, 175, 470, 494, 490, 213, 428, 449, 184, 327, 367, 234, 340, 140, 256, 249, 422, 257, 345, 135, 181], [287, 259, 100, 144, 362, 210, 258, 169, 338, 87, 138, 364, 216, 126, 221, 280, 203, 211, 265, 104, 161, 298, 214, 81, 200, 170, 250, 166, 150, 246, 110, 185, 416, 342, 315, 207, 237, 328, 346, 206, 160, 262, 115, 94, 124, 52, 28, 297, 236, 267, 108, 80, 189, 19, 60, 143, 241, 57, 289, 45, 83, 11, 323, 333, 275, 358, 4, 408, 145, 288, 230, 351, 16, 48, 84, 129, 24, 415, 96, 413, 309, 107], [500, 499, 488, 466, 443, 491, 492, 504, 462, 458, 519, 440, 281, 501, 474, 450, 531, 484, 526, 478, 412, 463, 375, 522, 467, 395, 385, 493, 502, 483, 532, 355, 498, 496, 471, 481, 459, 486, 442, 372, 374, 349, 455, 419, 468, 509, 505, 495, 377, 370, 393, 447, 303, 332, 400, 460, 53, 432, 441, 454], [272, 283, 50, 402, 310, 191, 387, 339, 224, 391, 215, 247, 271, 163, 252, 436, 397, 381, 186, 225, 368, 373, 260, 253, 306, 352, 167, 366, 296, 276, 233, 198, 193, 300, 209, 325, 269, 261, 321, 348, 179, 282, 357, 286, 409, 482, 197, 219, 307], [394, 448, 379, 396, 277, 365, 392, 360, 477, 384, 469, 461, 319, 407, 425, 429, 430, 299, 444, 433, 403, 388, 376, 431, 417, 445, 427, 456, 382, 305, 404, 418, 380, 316, 435, 426, 359, 424, 405, 414, 451, 434, 437, 410, 438, 411, 334, 371, 399, 420, 423, 453], [62, 176, 122, 157, 294, 142, 127, 152, 204, 188, 228, 295, 183, 270, 151, 201, 147, 284, 116, 141, 165, 202, 326, 254, 146, 292, 120, 162, 194, 177, 190, 75, 119, 56, 103, 212, 245, 174, 182, 187, 308, 123, 76, 136, 223, 73, 88, 324, 329], [487, 446, 518, 406, 341, 530, 529, 353, 513, 489, 464, 480, 516, 525, 507, 527, 511, 476, 517, 386, 311, 192, 514, 472, 220, 389, 390, 199, 337, 521, 217, 239, 421, 508, 314, 317, 378, 510, 497, 383, 354, 485, 503, 479, 243, 285, 475, 452, 523, 528, 363, 465, 473, 515, 401, 512, 524, 369, 457, 356, 506, 520, 240], [14, 180, 65, 263, 20, 264, 242, 125, 196, 82, 291, 93, 6, 44, 130, 25, 55, 114, 85, 164, 106, 74, 79, 178, 112, 63, 218, 168, 90, 51, 66, 97, 89, 148, 255, 153, 133, 158, 149, 34, 77, 439, 231, 43, 304, 113, 132, 31, 99]]
valeur = 7.820254531008066e7

instance 70_st_3.tsp
partition = [[57, 50, 59, 10, 69, 15, 70, 55, 62, 36, 29, 19, 34, 16, 31, 22, 53, 23, 63, 54, 8, 26, 3], [9, 41, 35, 49, 56, 1, 60, 52, 11, 58, 18, 64, 66, 37, 38, 51, 4, 13, 47, 7, 20], [21, 44, 6, 45, 40, 24, 67, 68, 2, 28, 46, 39, 32, 12, 25, 30, 14, 27, 65, 42, 43, 17, 33, 48, 61, 5]]
valeur = 280700.879992925

instance 70_st_6.tsp
partition = [[57, 35, 15, 70, 36, 64, 38, 16, 51, 17], [9, 45, 60, 58, 46, 39, 4, 53, 65, 43, 54, 7, 33, 48, 61, 5], [21, 6, 10, 40, 67, 11, 62, 37, 20], [50, 69, 1, 68, 29, 66, 31, 13, 22, 23, 63, 8], [44, 59, 56, 52, 18, 34, 12, 25, 47, 27, 42, 26], [41, 49, 24, 55, 2, 28, 19, 32, 30, 14, 3]]
valeur = 127494.59806812131

instance 70_st_9.tsp
partition = [[57, 15, 55, 28, 32, 30, 63], [9, 24, 58, 34, 4, 42, 43, 7, 26, 3, 61], [21, 10, 62, 64, 12, 25, 27], [50, 56, 11, 37, 22, 53, 17, 33, 48, 5], [44, 1, 68, 46, 31, 47, 23, 8], [41, 49, 60, 2, 18, 13, 20], [59, 69, 67, 29, 66, 16], [6, 40, 52, 39, 51, 14, 65, 54], [35, 45, 70, 36, 19, 38]]
valeur = 83769.58244317683

instance 80_gr_3.tsp
partition = [[45, 8, 51, 48, 68, 78, 61, 66, 42, 58, 55, 52, 65, 37, 59, 53, 76, 40, 28, 2, 73, 25, 71, 13, 29, 54, 14, 50, 7, 70, 10, 47, 11], [39, 1, 38, 3, 56, 9, 30, 33, 44, 32, 36, 35, 49, 72, 41, 5, 74, 80, 34, 4, 24, 57, 43], [69, 79, 12, 31, 22, 18, 46, 77, 63, 17, 19, 21, 60, 15, 67, 6, 62, 20, 27, 23, 75, 16, 26, 64]]
valeur = 262766.8701922581

instance 80_gr_6.tsp
partition = [[45, 56, 22, 46, 63, 42, 60, 65, 67, 20, 24], [39, 3, 30, 61, 49, 58, 80, 34, 59, 75, 73, 29, 14, 7, 57, 47], [69, 51, 33, 32, 19, 41, 5, 6, 4, 23, 16, 2, 13, 64], [79, 38, 68, 78, 36, 72, 74, 62, 76, 28, 71, 50, 70], [1, 12, 31, 18, 77, 17, 66, 21, 15, 26, 43], [8, 48, 9, 44, 35, 55, 52, 37, 27, 53, 40, 25, 54, 10, 11]]
valeur = 122313.12446692058

instance 80_gr_9.tsp
partition = [[45, 31, 33, 32, 72, 41, 71, 43], [39, 48, 63, 21, 15, 20, 16, 13, 10], [69, 22, 78, 42, 65, 4, 23, 25, 57], [79, 30, 36, 35, 5, 37, 75, 40, 50], [1, 18, 17, 60, 6, 24, 26, 29, 47, 11], [8, 9, 61, 19, 67, 62, 76, 73, 7], [12, 3, 44, 66, 55, 80, 27, 64], [38, 56, 46, 49, 52, 34, 53, 2], [51, 68, 77, 58, 74, 59, 28, 54, 14, 70]]
valeur = 82902.33626056866

